8 0.7859375 0.5708333333333333 0.1015625 0.09791666666666667
2 0.203125 0.625 0.153125 0.17083333333333334
7 0.3359375 0.7083333333333334 0.221875 0.24583333333333332
6 0.8453125 0.43333333333333335 0.2109375 0.31875
9 0.834375 0.7125 0.33125 0.22708333333333333
3 0.2 0.76875 0.2 0.25416666666666665
5 0.6890625 0.5625 0.140625 0.19166666666666668
8 0.40625 0.6125 0.103125 0.12708333333333333
10 0.5375 0.525 0.2140625 0.18333333333333332
4 0.91484375 0.490625 0.1703125 0.28541666666666665
10 0.5515625 0.69375 0.2421875 0.3125