14 0.503125 0.2875 0.11875 0.23125
14 0.6890625 0.7666666666666667 0.121875 0.40625
12 0.8734375 0.525 0.253125 0.4708333333333333
11 0.15625 0.20833333333333334 0.228125 0.17083333333333334
20 0.8578125 0.8541666666666666 0.2328125 0.28541666666666665
15 0.31875 0.7916666666666666 0.2546875 0.30625
21 0.77109375 0.3875 0.4578125 0.375
19 0.3671875 0.2916666666666667 0.2328125 0.21458333333333332
16 0.115625 0.8520833333333333 0.1828125 0.17291666666666666
13 0.4015625 0.825 0.540625 0.35
17 0.328125 0.50625 0.65625 0.5708333333333333
17 0.3046875 0.5041666666666667 0.60625 0.4708333333333333