13 0.3984375 0.9697916666666667 0.1 0.06041666666666667
14 0.584375 0.4979166666666667 0.1734375 0.3229166666666667
15 0.0875 0.8166666666666667 0.175 0.31666666666666665
11 0.85625 0.8416666666666667 0.2875 0.31666666666666665
19 0.3 0.4875 0.4296875 0.20833333333333334
20 0.6765625 0.6125 0.2390625 0.3854166666666667
17 0.409375 0.6958333333333333 0.709375 0.6020833333333333
14 0.453125 0.36666666666666664 0.18125 0.27708333333333335
18 0.896875 0.6208333333333333 0.20625 0.31666666666666665
11 0.890625 0.31666666666666665 0.2171875 0.31875
16 0.1875 0.30416666666666664 0.3546875 0.24583333333333332