19 0.359375 0.4 0.29375 0.33125
21 0.76796875 0.4239583333333333 0.4640625 0.3729166666666667
11 0.1875 0.33541666666666664 0.28125 0.225
17 0.31875 0.6260416666666667 0.6375 0.5854166666666667
16 0.10625 0.9229166666666667 0.190625 0.15416666666666667
12 0.8625 0.5395833333333333 0.275 0.47291666666666665
18 0.559375 0.8572916666666667 0.246875 0.28541666666666665
15 0.303125 0.8729166666666667 0.2171875 0.25416666666666665
20 0.85625 0.8614583333333333 0.234375 0.27708333333333335
14 0.690625 0.7458333333333333 0.1625 0.28125
14 0.4921875 0.32708333333333334 0.1265625 0.19583333333333333