13 0.2359375 0.4583333333333333 0.459375 0.5333333333333333
20 0.9265625 0.7 0.146875 0.3625
16 0.8203125 0.8083333333333333 0.359375 0.28125
11 0.525 0.5 0.2578125 0.3458333333333333
18 0.68125 0.33125 0.2453125 0.3
21 0.91484375 0.35833333333333334 0.1703125 0.38333333333333336
15 0.3 0.75 0.246875 0.2875
14 0.8484375 0.425 0.171875 0.3145833333333333
19 0.1515625 0.7041666666666667 0.26875 0.5895833333333333
11 0.528125 0.8291666666666667 0.2890625 0.32708333333333334
14 0.334375 0.39375 0.159375 0.24791666666666667