11 0.296875 0.5333333333333333 0.2734375 0.3416666666666667
11 0.134375 0.35625 0.246875 0.30416666666666664
14 0.640625 0.725 0.246875 0.375
20 0.859375 0.8572916666666667 0.228125 0.28541666666666665
12 0.86875 0.54375 0.2609375 0.48541666666666666
16 0.1203125 0.7708333333333334 0.2 0.4583333333333333
15 0.3296875 0.8333333333333334 0.246875 0.30833333333333335
18 0.55625 0.8447916666666667 0.275 0.3104166666666667
19 0.359375 0.4041666666666667 0.29375 0.33125
14 0.49375 0.45416666666666666 0.1203125 0.4375
21 0.75234375 0.425 0.4953125 0.35833333333333334