13 0.234375 0.4375 0.415625 0.6104166666666667
14 0.86875 0.3875 0.196875 0.36666666666666664
14 0.353125 0.35833333333333334 0.1125 0.22291666666666668
21 0.9203125 0.35 0.159375 0.38125
11 0.521875 0.8041666666666667 0.3234375 0.30416666666666664
18 0.690625 0.3625 0.2453125 0.31875
20 0.92734375 0.7125 0.1453125 0.35833333333333334
15 0.284375 0.7541666666666667 0.2921875 0.275
16 0.825 0.8416666666666667 0.35 0.2604166666666667
19 0.15625 0.6666666666666666 0.26875 0.6041666666666666
11 0.503125 0.4895833333333333 0.26875 0.3333333333333333