14 0.859375 0.35208333333333336 0.2796875 0.43125
11 0.73125 0.55 0.2546875 0.33541666666666664
19 0.153125 0.61875 0.2828125 0.5229166666666667
21 0.546875 0.8 0.55 0.28125
12 0.303125 0.5833333333333334 0.3359375 0.38333333333333336
14 0.909375 0.7041666666666667 0.18125 0.4125
20 0.6484375 0.20416666666666666 0.1875 0.325
13 0.25 0.2604166666666667 0.4046875 0.4979166666666667
15 0.9015625 0.17083333333333334 0.196875 0.2708333333333333
16 0.625 0.47708333333333336 0.340625 0.23958333333333334
18 0.4390625 0.24583333333333332 0.221875 0.3125