11 0.85234375 0.8395833333333333 0.2953125 0.32083333333333336
14 0.45625 0.3625 0.1875 0.275
17 0.409375 0.6875 0.709375 0.6020833333333333
20 0.675 0.6083333333333333 0.2203125 0.3770833333333333
19 0.3 0.4875 0.4296875 0.20833333333333334
15 0.075 0.7979166666666667 0.1484375 0.2708333333333333
14 0.590625 0.5041666666666667 0.1921875 0.3145833333333333
18 0.896875 0.6208333333333333 0.20625 0.31875
16 0.1875 0.29583333333333334 0.3546875 0.26458333333333334
11 0.890625 0.325 0.2140625 0.3
13 0.40703125 0.9822916666666667 0.0859375 0.035416666666666666