14 0.6375 0.7708333333333334 0.25 0.4479166666666667
16 0.1171875 0.803125 0.2 0.39375
12 0.86484375 0.6104166666666667 0.2703125 0.45416666666666666
21 0.759375 0.48333333333333334 0.48125 0.38958333333333334
19 0.378125 0.46458333333333335 0.29375 0.33125
20 0.878125 0.8958333333333334 0.234375 0.20625
15 0.33515625 0.8864583333333333 0.2546875 0.22708333333333333
11 0.3046875 0.6208333333333333 0.2578125 0.3333333333333333
14 0.50625 0.5270833333333333 0.1390625 0.44375
18 0.575 0.8854166666666666 0.275 0.22916666666666666
11 0.1375 0.4270833333333333 0.2578125 0.3333333333333333