18 0.4375 0.25833333333333336 0.209375 0.23958333333333334
19 0.153125 0.61875 0.2828125 0.5229166666666667
13 0.215625 0.21458333333333332 0.3421875 0.41041666666666665
16 0.6125 0.5583333333333333 0.096875 0.09583333333333334
11 0.471875 0.12083333333333333 0.21875 0.24166666666666667
14 0.90859375 0.690625 0.1828125 0.45625
11 0.78125 0.5791666666666667 0.1890625 0.27708333333333335
20 0.596875 0.09583333333333334 0.071875 0.10416666666666667
17 0.675 0.29791666666666666 0.64375 0.5916666666666667
12 0.29375 0.5708333333333333 0.3203125 0.39166666666666666
21 0.540625 0.7958333333333333 0.5546875 0.2625