18 0.55625 0.85625 0.2421875 0.2875
12 0.86875 0.54375 0.2609375 0.48541666666666666
16 0.11875 0.7708333333333334 0.2 0.4583333333333333
21 0.7515625 0.425 0.496875 0.3541666666666667
14 0.496875 0.45 0.1484375 0.4479166666666667
20 0.8578125 0.8666666666666667 0.23125 0.26458333333333334
11 0.13125 0.34791666666666665 0.246875 0.31666666666666665
14 0.640625 0.7333333333333333 0.2625 0.44583333333333336
11 0.296875 0.5458333333333333 0.2734375 0.3416666666666667
15 0.33125 0.8458333333333333 0.2546875 0.30625
19 0.359375 0.4 0.29375 0.33125