21 0.4625 0.3770833333333333 0.3890625 0.2708333333333333
18 0.8921875 0.7416666666666667 0.215625 0.3125
15 0.0515625 0.8895833333333333 0.103125 0.22083333333333333
16 0.1734375 0.4354166666666667 0.346875 0.26458333333333334
20 0.74375 0.5166666666666667 0.2078125 0.39375
17 0.3875 0.7614583333333333 0.709375 0.47708333333333336
11 0.853125 0.8989583333333333 0.29375 0.20208333333333334
11 0.89296875 0.440625 0.2140625 0.30625
14 0.628125 0.7104166666666667 0.296875 0.39791666666666664
14 0.428125 0.5208333333333334 0.2203125 0.18958333333333333
19 0.29375 0.6166666666666667 0.4359375 0.20833333333333334