15 0.9 0.16041666666666668 0.1984375 0.2375
11 0.725 0.5666666666666667 0.253125 0.34375
18 0.440625 0.25 0.21875 0.31666666666666665
21 0.5453125 0.80625 0.5453125 0.3
14 0.8609375 0.35208333333333336 0.278125 0.425
13 0.2515625 0.25625 0.4109375 0.49583333333333335
12 0.309375 0.5875 0.3265625 0.4083333333333333
16 0.5921875 0.4791666666666667 0.28125 0.25625
20 0.65 0.20416666666666666 0.1875 0.325
19 0.153125 0.61875 0.2828125 0.5229166666666667
14 0.9078125 0.7083333333333334 0.184375 0.4125