11 0.85234375 0.8322916666666667 0.2921875 0.33541666666666664
11 0.89609375 0.32916666666666666 0.2078125 0.3
13 0.4 0.9770833333333333 0.103125 0.04583333333333333
16 0.175 0.2947916666666667 0.35 0.26458333333333334
19 0.3 0.5 0.4296875 0.20833333333333334
18 0.896875 0.6208333333333333 0.20625 0.30625
20 0.7515625 0.3875 0.203125 0.38958333333333334
15 0.08125 0.7979166666666667 0.1515625 0.29375
21 0.53125 0.2625 0.2578125 0.25
14 0.625 0.5916666666666667 0.26875 0.3958333333333333
17 0.40625 0.7041666666666667 0.709375 0.5895833333333333