16 0.81875 0.8916666666666667 0.340625 0.21666666666666667
13 0.221875 0.5083333333333333 0.44375 0.6020833333333333
11 0.5171875 0.8625 0.25 0.275
18 0.678125 0.32083333333333336 0.24375 0.31666666666666665
12 0.74375 0.6208333333333333 0.2875 0.4666666666666667
19 0.1234375 0.73125 0.246875 0.5375
11 0.4984375 0.55 0.2484375 0.3541666666666667
15 0.29375 0.8354166666666667 0.3015625 0.325
14 0.909375 0.4395833333333333 0.1796875 0.2875
14 0.334375 0.3958333333333333 0.23125 0.21875
20 0.9359375 0.7791666666666667 0.128125 0.38125