11 0.7609375 0.5916666666666667 0.253125 0.3333333333333333
11 0.765625 0.5791666666666667 0.225 0.325
19 0.153125 0.61875 0.2828125 0.5229166666666667
13 0.20625 0.20416666666666666 0.3328125 0.39791666666666664
17 0.675 0.3104166666666667 0.65 0.6208333333333333
20 0.59375 0.09583333333333334 0.075 0.10416666666666667
14 0.903125 0.44583333333333336 0.171875 0.24583333333333332
21 0.5421875 0.7979166666666667 0.5609375 0.275
14 0.90625 0.6979166666666666 0.1859375 0.43333333333333335
18 0.434375 0.22083333333333333 0.2140625 0.2708333333333333
16 0.6 0.5708333333333333 0.1015625 0.09583333333333334
12 0.290625 0.5625 0.3203125 0.39166666666666666